4,3
4,2
4,1
4,0
3,6
3,5
3,4
3,3
3,2
3,1
3,0
2,2
1,2
0,243
237,512
237,5
242,4
237,4
1,1
1,3
1,0
242,1
242,3
242,0
2,1
2,6
2,3
237,1
2,0
237,323
237,3
0,442
237,0
0,9
0,310
0,305
0,379
0,308
0,304
0,303
0,302
0,307
0,12
0,438
0,10
0,8
0,0
0,335
0,300
0,299
0,358
0,298
0,339
0,297
0,325
0,296
0,364
0,295
0,376
0,294
0,320
0,293
0,446
0,292
0,359
0,291
0,443
0,290
0,434
0,289
0,384
0,288
0,428
0,287
0,365
0,286
0,337
0,285
0,395
0,284
0,399
0,283
0,282
0,404
0,281
0,324
0,280
0,355
0,279
0,306
0,278
0,277
0,349
0,276
0,431
0,275
0,444
0,274
0,312
0,273
0,437
0,272
0,433
0,271
0,331
0,270
0,350
0,269
0,429
0,268
0,341
0,267
0,309
0,266
0,363
0,265
0,441
0,264
0,419
0,263
0,357
0,262
0,412
0,261
0,346
0,260
0,387
0,259
0,417
0,258
0,342
0,257
0,382
0,256
0,360
0,255
0,420
0,254
0,432
0,253
0,416
0,252
0,390
0,251
0,329
0,250
0,386
0,249
0,388
0,248
0,347
0,247
0,327
0,246
0,427
0,245
0,426
0,244
0,311
0,242
0,316
0,241
0,406
0,240
0,385
0,239
0,383
0,238
0,371
0,237
0,381
0,236
0,326
0,235
0,336
0,234
0,233
0,362
0,232
0,332
0,231
0,323
0,230
0,393
0,229
0,319
0,228
0,422
0,227
0,334
0,226
0,436
0,225
0,380
0,224
0,405
0,223
0,338
0,222
0,321
0,221
0,353
0,220
0,411
0,219
0,447
0,218
0,430
0,217
0,400
0,216
0,394
0,215
0,214
0,445
0,213
0,415
0,212
0,351
0,211
0,424
0,210
0,410
0,209
0,318
0,208
0,401
0,207
0,392
0,206
0,421
0,205
0,328
0,204
0,345
0,203
0,409
0,202
0,407
0,201
0,378
0,200
0,398
0,199
0,330
0,198
0,344
0,197
0,425
0,196
